0.0000000000000000e+00 5.2305343480372789e-03
0.0000000000000000e+00 1.0647184493073851e-02
0.0000000000000000e+00 1.9166010733914635e-02
0.0000000000000000e+00 2.8058151467934632e-02
0.0000000000000000e+00 3.1299547337817535e-02
0.0000000000000000e+00 3.9646869399520689e-02
0.0000000000000000e+00 5.2445214251865775e-02
0.0000000000000000e+00 3.4326811129371647e-12
0.0000000000000000e+00 4.5566243782564200e-02
0.0000000000000000e+00 4.7975779415817217e-02
0.0000000000000000e+00 3.0867239048748149e-02
0.0000000000000000e+00 2.4959882000910802e-02
0.0000000000000000e+00 3.8179498946148513e-02
0.0000000000000000e+00 4.7874824756721376e-02
0.0000000000000000e+00 5.0847659306709911e-02
0.0000000000000000e+00 5.7029943980463203e-02
0.0000000000000000e+00 5.0060048456978277e-02
0.0000000000000000e+00 3.8569444296690562e-02
0.0000000000000000e+00 4.1632337295784201e-02
0.0000000000000000e+00 3.7892515643163670e-02
0.0000000000000000e+00 3.6180742069580690e-02
0.0000000000000000e+00 3.8098894984039587e-02
0.0000000000000000e+00 3.1756460922116134e-02
0.0000000000000000e+00 4.7434354261167044e-02
0.0000000000000000e+00 4.1589524174542564e-02
0.0000000000000000e+00 4.5498606245764614e-02
0.0000000000000000e+00 2.8793926837342911e-02
0.0000000000000000e+00 2.1174749688395483e-02
0.0000000000000000e+00 3.3870277733851775e-02
0.0000000000000000e+00 1.4731643636764933e-02
0.0000000000000000e+00 5.7783803352183015e-03
