1.394941263701736590e-11 -1.145561950084662554e-11
2.368252766981236717e-10 3.982408029585253363e-11
-6.810888463740346618e-12 1.040367305688835299e-11
5.167579061448946642e-09 4.618566862930038936e-09
-2.384232808974144803e-08 1.899103970417288088e-07
-1.375050197836439365e-06 1.049536252982343360e-06
-9.532555057307019722e-06 -4.014355621112422348e-07
-3.109090826694154493e-05 -2.710553608495173465e-05
-8.833375482593675010e-06 -1.385208163584787232e-04
1.222909749390429319e-04 -2.730684387812677845e-04
1.985519641956706802e-03 -1.145761691093622999e-03
2.620753930853022672e-03 -1.503078730642426909e-03
4.626724511445843603e-03 -2.087690786753668842e-03
1.718578093973338833e-04 1.489419053934551505e-04
4.036518834223780753e-06 4.639923112469448421e-05
-5.354844969501369738e-06 7.111508421998732698e-06
-1.260194625826634388e-06 1.664991443676068005e-07
-6.922411135259078255e-08 -7.218799765762939221e-08
1.021318505139737280e-09 -2.075316726719675422e-09
8.283024308539962619e-03 -2.525390473942594558e-03
1.456081605404865517e-02 -1.649069685736448713e-03
2.363697435215633344e-02 3.723309051793530135e-03
3.102535678079544612e-02 1.838896098312622907e-02
2.482668132960255333e-02 4.046973672515507409e-02
-1.448585157332434566e-13 5.228352667907854023e-02
-2.482668132934882227e-02 4.046973672520272347e-02
-3.102535678097171137e-02 1.838896098303229032e-02
-2.363697435206410513e-02 3.723309051924681735e-03
-1.456081605406450534e-02 -1.649069685880097261e-03
-8.283024308576194053e-03 -2.525390473814836511e-03
-1.021318516369745382e-09 -2.075316705471177720e-09
6.922411144074076022e-08 -7.218799764738961091e-08
1.260194625554437597e-06 1.664991440222843322e-07
5.354844969865969988e-06 7.111508423451301029e-06
-4.036518834365730770e-06 4.639923112078046016e-05
-1.718578093999917236e-04 1.489419054030711022e-04
-4.626724511390453883e-03 -2.087690786848101551e-03
-2.620753930906036255e-03 -1.503078730585874490e-03
-1.985519641916366242e-03 -1.145761691112276914e-03
-1.222909749487392230e-04 -2.730684387950810623e-04
8.833375475948172990e-06 -1.385208163517438491e-04
3.109090827107682754e-05 -2.710553608406181134e-05
9.532555055964531793e-06 -4.014355632319016053e-07
1.375050198220116491e-06 1.049536253433268761e-06
2.384232800982874667e-08 1.899103969330263443e-07
-5.167579049757047296e-09 4.618566877745381374e-09
6.810981237492299336e-12 1.040383551588012136e-11
-2.368251389431600417e-10 3.982402108327495975e-11
-1.394941220094898224e-11 -1.145574381887858518e-11
