-1.8999989084819826e+00 -2.7677456607996278e-02
-1.8152905624079034e+00 -4.6294916310373059e-02
-1.7097967128430731e+00 -6.6367438522279151e-02
-1.5814169364947033e+00 -8.3374634545021670e-02
-1.4441346236483075e+00 -8.9824612345070096e-02
-1.2974298450358239e+00 -1.0310389072745921e-01
-1.1359643785109022e+00 -1.1922534329921063e-01
-1.7401045463075060e+00 -1.8619739596332283e-01
-9.7438328197939839e-01 -1.1187978277430526e-01
-8.2756764864101440e-01 -1.1141273710272302e-01
-7.0194972772893038e-01 -8.8473171686778165e-02
-5.9941821389531713e-01 -7.9632361248908962e-02
-4.9050958771400882e-01 -9.5804407922108245e-02
-3.5991440317821544e-01 -1.1053115507065596e-01
-2.1764341228673068e-01 -1.1612064455966070e-01
-6.4751908927756660e-02 -1.2301693826796714e-01
8.3182601764832789e-02 -1.1627767636467734e-01
2.1441340023932862e-01 -1.0167114957260476e-01
3.3868871970696152e-01 -1.0128267099165168e-01
4.6310483686780723e-01 -9.6238969873712485e-02
5.8181717050777559e-01 -9.5207285203878028e-02
7.0092855355003914e-01 -9.7963608921693035e-02
8.1904756612736496e-01 -9.2696149794066790e-02
9.4821430654896777e-01 -1.1222522888399135e-01
1.0934275551101458e+00 -1.0692593193078311e-01
1.2468028040321788e+00 -1.1040654039319420e-01
1.5343304216918023e+00 -8.4998725030765110e-02
1.6628388095365483e+00 -6.9009211032874412e-02
1.3970610479574217e+00 -9.5272330825831364e-02
1.7781649542537199e+00 -5.4272030264168748e-02
1.8677459455262069e+00 -2.7988297443447680e-02
