-1.229853025245022025e+01 -4.371193073608271029e-01
-9.939877944553220601e+00 -4.988308010437389473e-01
-8.220047185041773119e+00 -3.015368669391003675e-01
-2.093501274275709978e+00 -7.140229696524016088e-03
-2.090961497615666076e+00 -1.310938597440181388e-02
-2.087591019515402824e+00 -2.145003443033016016e-02
-2.082322289569849438e+00 -3.311149795077113211e-02
-2.073039569079491162e+00 -4.943370670373131021e-02
-2.055384321258809432e+00 -7.029646094278056700e-02
-2.029200515515324099e+00 -9.031168125776503630e-02
-1.981362892826379341e+00 -1.283343061255867723e-01
-1.964986676994622927e+00 -2.408432941475204814e-01
-1.937365359105922780e+00 -3.779670996003163808e-01
-1.932952794170117672e+00 -7.890479858112417477e-02
-1.918501344270993947e+00 -5.022525751779134684e-02
-1.912194518185571512e+00 -3.172627499044131799e-02
-1.908966697087517872e+00 -1.956773961319217478e-02
-1.906881490399387591e+00 -1.153927402227299288e-02
-1.905115795271364876e+00 -6.229424518009186659e-03
-1.884996409121376892e+00 -5.635587757459264990e-01
-1.785193967429706818e+00 -8.155805362996664254e-01
-1.595014745043103144e+00 -1.142539687124987990e+00
-1.250510373280161680e+00 -1.516586947713223443e+00
-7.036107251747034663e-01 -1.840388137864035878e+00
5.468045774497580316e-14 -1.972211842112157720e+00
7.036107251746307467e-01 -1.840388137864069629e+00
1.250510373280193432e+00 -1.516586947713186584e+00
1.595014745043094484e+00 -1.142539687125001535e+00
1.785193967429701267e+00 -8.155805362996648711e-01
1.884996409121376448e+00 -5.635587757459227243e-01
1.905115795271365764e+00 -6.229424518008517923e-03
1.906881490399381818e+00 -1.153927402226907935e-02
1.908966697087529862e+00 -1.956773961319093619e-02
1.912194518185573955e+00 -3.172627499043349786e-02
1.918501344270985065e+00 -5.022525751780799325e-02
1.932952794170117450e+00 -7.890479858111142109e-02
1.937365359105923446e+00 -3.779670996003106076e-01
1.964986676994621595e+00 -2.408432941475230626e-01
1.981362892826379563e+00 -1.283343061255851902e-01
2.029200515515311221e+00 -9.031168125777387645e-02
2.055384321258832081e+00 -7.029646094278335644e-02
2.073039569079477840e+00 -4.943370670372614767e-02
2.082322289569855656e+00 -3.311149795077964614e-02
2.087591019515404156e+00 -2.145003443032374515e-02
2.090961497615671849e+00 -1.310938597440382963e-02
2.093501274275709090e+00 -7.140229696529037245e-03
8.220047185041774895e+00 -3.015368669390876555e-01
9.939877944553234812e+00 -4.988308010437550455e-01
1.229853025245022557e+01 -4.371193073608027890e-01
